1731115867.27290 0.02284 0.00820 -0.00920 0.01388 0.00110 -0.00328 0.99990
1731115867.37297 0.03338 0.04676 -0.01800 0.02493 0.00255 -0.00319 0.99968
1731115867.47349 0.06030 0.04781 -0.01562 0.03186 0.00293 -0.00692 0.99946
1731115867.57493 0.07624 0.05599 -0.01479 0.04210 0.00285 -0.01041 0.99905
1731115867.67299 0.07114 0.05484 -0.01632 0.04752 0.00192 -0.01405 0.99877
1731115867.77364 0.06858 0.05698 -0.02624 0.05199 0.00050 -0.01608 0.99852
1731115867.87454 0.06045 0.05394 -0.02489 0.05114 -0.00015 -0.01731 0.99854
1731115867.96369 0.05194 0.05952 -0.04171 0.05330 -0.00089 -0.01842 0.99841
1731115868.04926 0.04393 0.06577 -0.04907 0.05784 -0.00260 -0.02011 0.99812
1731115868.14547 0.03021 0.07089 -0.04805 0.06111 -0.00443 -0.02100 0.99790
1731115868.24394 0.02778 0.07718 -0.04568 0.06174 -0.00565 -0.02065 0.99786
1731115868.34286 0.03450 0.08308 -0.04221 0.06163 -0.00728 -0.02061 0.99786
1731115868.44192 0.04114 0.08799 -0.03805 0.06020 -0.00847 -0.02010 0.99795
1731115868.54122 0.04850 0.09255 -0.03672 0.05970 -0.00938 -0.01977 0.99798
1731115868.64078 0.05745 0.10173 -0.03182 0.05964 -0.01060 -0.01900 0.99798
1731115868.74038 0.06667 0.10327 -0.03027 0.05836 -0.01128 -0.01865 0.99806
1731115868.84057 0.07022 0.09806 -0.03163 0.05516 -0.01146 -0.01804 0.99825
1731115868.94088 0.06931 0.09435 -0.03075 0.05220 -0.01187 -0.01726 0.99842
1731115869.04122 0.06231 0.08618 -0.02782 0.04820 -0.01241 -0.01633 0.99863
1731115869.14151 0.05807 0.07905 -0.02817 0.04501 -0.01263 -0.01521 0.99879
1731115869.24294 0.05723 0.07258 -0.02712 0.04300 -0.01351 -0.01431 0.99888
1731115869.34531 0.06463 0.07085 -0.02230 0.04409 -0.01415 -0.01323 0.99884
1731115869.45159 0.07489 0.07303 -0.02184 0.04861 -0.01488 -0.01279 0.99863
1731115869.57267 0.07391 0.06927 -0.02219 0.05181 -0.01501 -0.01133 0.99848
1731115869.67259 0.06630 0.06805 -0.02652 0.05349 -0.01422 -0.00967 0.99842
1731115869.77251 0.05336 0.07128 -0.03906 0.05681 -0.01301 -0.00877 0.99826
1731115869.86696 0.04163 0.07532 -0.04288 0.05904 -0.01128 -0.00765 0.99816
1731115869.96607 0.03437 0.07911 -0.04463 0.05973 -0.00916 -0.00682 0.99815
1731115870.06637 0.03197 0.08411 -0.04269 0.05963 -0.00712 -0.00625 0.99818
1731115870.17025 0.03354 0.08925 -0.04247 0.05883 -0.00487 -0.00647 0.99824
1731115870.27295 0.04221 0.09859 -0.04067 0.05727 -0.00269 -0.00678 0.99833
1731115870.37268 0.04646 0.09860 -0.03849 0.05415 -0.00104 -0.00774 0.99850
1731115870.47341 0.05057 0.09417 -0.04037 0.05092 0.00025 -0.00861 0.99867
1731115870.57459 0.05565 0.08465 -0.03985 0.04873 0.00119 -0.01042 0.99876
1731115870.67290 0.06045 0.07403 -0.03803 0.04917 0.00086 -0.01285 0.99871
1731115870.77380 0.06059 0.06449 -0.03763 0.05082 0.00020 -0.01498 0.99860
1731115870.87466 0.05814 0.05824 -0.03620 0.05071 -0.00066 -0.01648 0.99858
1731115870.96881 0.05893 0.05802 -0.03753 0.05148 -0.00184 -0.01790 0.99851
1731115871.05142 0.06324 0.05902 -0.04267 0.05342 -0.00342 -0.01906 0.99838
1731115871.14563 0.06502 0.06109 -0.04434 0.05460 -0.00493 -0.01987 0.99830
1731115871.24433 0.06578 0.06221 -0.04394 0.05470 -0.00633 -0.02008 0.99828
1731115871.34328 0.06511 0.06561 -0.04526 0.05522 -0.00740 -0.02018 0.99824
1731115871.44239 0.06597 0.06902 -0.04386 0.05550 -0.00874 -0.01996 0.99822
1731115871.54163 0.06770 0.07413 -0.04167 0.05570 -0.00942 -0.01962 0.99821
1731115871.64126 0.07015 0.07811 -0.03804 0.05556 -0.00983 -0.01939 0.99822
1731115871.74081 0.07236 0.08109 -0.03526 0.05470 -0.01047 -0.01915 0.99826
1731115871.84057 0.07488 0.08364 -0.03233 0.05443 -0.01097 -0.01873 0.99828
1731115871.94033 0.07819 0.08464 -0.03008 0.05288 -0.01123 -0.01822 0.99837
1731115872.04044 0.07877 0.08435 -0.02853 0.05103 -0.01165 -0.01767 0.99847
1731115872.14070 0.07428 0.08272 -0.02861 0.04922 -0.01174 -0.01698 0.99857
1731115872.24081 0.06980 0.07955 -0.02831 0.04705 -0.01208 -0.01674 0.99868
1731115872.34105 0.06190 0.07722 -0.02803 0.04498 -0.01232 -0.01566 0.99879
1731115872.44124 0.05532 0.07248 -0.02639 0.04325 -0.01288 -0.01540 0.99886
1731115872.54169 0.05195 0.07087 -0.02766 0.04159 -0.01316 -0.01457 0.99894
1731115872.64289 0.05388 0.06972 -0.02699 0.04155 -0.01367 -0.01389 0.99895
1731115872.74494 0.05988 0.07234 -0.02429 0.04460 -0.01439 -0.01325 0.99881
1731115872.84617 0.06655 0.07590 -0.02399 0.04804 -0.01474 -0.01258 0.99866
1731115872.97286 0.06998 0.07301 -0.02707 0.05100 -0.01500 -0.01142 0.99852
1731115873.07257 0.06808 0.07028 -0.02811 0.05317 -0.01442 -0.00984 0.99843
1731115873.17244 0.06151 0.07006 -0.03629 0.05522 -0.01302 -0.00853 0.99835
1731115873.26795 0.05336 0.07198 -0.04041 0.05680 -0.01144 -0.00738 0.99829
1731115873.36653 0.04642 0.07476 -0.04154 0.05689 -0.00948 -0.00638 0.99831
1731115873.46654 0.04338 0.07807 -0.04241 0.05687 -0.00731 -0.00580 0.99834
1731115873.56643 0.04343 0.08310 -0.04119 0.05625 -0.00510 -0.00578 0.99839
1731115873.67303 0.04800 0.08973 -0.03903 0.05459 -0.00316 -0.00604 0.99849
1731115873.77261 0.05066 0.09207 -0.03762 0.05188 -0.00119 -0.00696 0.99863
1731115873.87325 0.04914 0.08954 -0.03908 0.04923 0.00003 -0.00803 0.99876
1731115873.97411 0.05205 0.08360 -0.03857 0.04810 0.00056 -0.00980 0.99879
1731115874.07279 0.05659 0.07756 -0.03857 0.04949 0.00057 -0.01212 0.99870
1731115874.17368 0.05808 0.06781 -0.03937 0.04996 0.00015 -0.01431 0.99865
1731115874.27412 0.05721 0.06041 -0.03866 0.05014 -0.00060 -0.01594 0.99861
1731115874.37487 0.05711 0.05883 -0.03798 0.05069 -0.00207 -0.01733 0.99856
1731115874.45655 0.06208 0.05857 -0.04279 0.05150 -0.00309 -0.01854 0.99850
1731115874.54637 0.06504 0.05986 -0.04548 0.05280 -0.00457 -0.01920 0.99841
1731115874.64505 0.06769 0.06215 -0.04405 0.05305 -0.00589 -0.01959 0.99838
1731115874.74377 0.06963 0.06600 -0.04256 0.05397 -0.00723 -0.01963 0.99832
1731115874.84298 0.07008 0.06874 -0.04229 0.05390 -0.00823 -0.01949 0.99832
1731115874.94233 0.07220 0.07012 -0.04098 0.05413 -0.00879 -0.01957 0.99830
1731115875.04174 0.07602 0.07200 -0.03887 0.05407 -0.00942 -0.01928 0.99831
1731115875.14136 0.07622 0.07522 -0.03676 0.05373 -0.00996 -0.01892 0.99833
1731115875.24102 0.07831 0.07728 -0.03534 0.05346 -0.01052 -0.01885 0.99834
1731115875.34073 0.08035 0.08184 -0.03234 0.05279 -0.01116 -0.01839 0.99837
1731115875.44053 0.08029 0.08382 -0.03020 0.05152 -0.01147 -0.01800 0.99844
1731115875.54030 0.08068 0.08380 -0.02885 0.05059 -0.01166 -0.01767 0.99850
1731115875.64043 0.07983 0.08297 -0.02738 0.04913 -0.01212 -0.01730 0.99857
1731115875.74057 0.07601 0.07866 -0.02818 0.04742 -0.01216 -0.01692 0.99866
1731115875.84068 0.06922 0.07619 -0.02867 0.04581 -0.01235 -0.01649 0.99874
1731115875.94090 0.06219 0.07400 -0.02875 0.04429 -0.01270 -0.01602 0.99881
1731115876.04115 0.05419 0.07086 -0.02704 0.04262 -0.01278 -0.01549 0.99889
1731115876.14157 0.04873 0.06906 -0.02618 0.04152 -0.01332 -0.01475 0.99894
1731115876.24221 0.04827 0.06819 -0.02706 0.04067 -0.01362 -0.01405 0.99898
1731115876.34381 0.05314 0.06980 -0.02464 0.04170 -0.01451 -0.01334 0.99894
1731115876.44612 0.06166 0.07481 -0.02326 0.04575 -0.01497 -0.01281 0.99876
1731115876.55262 0.06794 0.07809 -0.02672 0.04990 -0.01516 -0.01210 0.99857
1731115876.67246 0.06961 0.07350 -0.02725 0.05157 -0.01489 -0.01022 0.99851
1731115876.77264 0.06525 0.07148 -0.03074 0.05349 -0.01402 -0.00886 0.99843
1731115876.87251 0.05765 0.07212 -0.03787 0.05555 -0.01257 -0.00767 0.99835
1731115876.96716 0.05114 0.07413 -0.04042 0.05658 -0.01055 -0.00660 0.99832
1731115877.06676 0.04783 0.07632 -0.04164 0.05647 -0.00847 -0.00579 0.99835
1731115877.16654 0.04784 0.07977 -0.04150 0.05554 -0.00609 -0.00549 0.99842
1731115877.27139 0.04929 0.08535 -0.03956 0.05429 -0.00411 -0.00558 0.99850
1731115877.37282 0.05185 0.08784 -0.03964 0.05264 -0.00199 -0.00635 0.99859
1731115877.47289 0.05119 0.08974 -0.03857 0.05008 -0.00068 -0.00707 0.99872
1731115877.57366 0.05304 0.08466 -0.03952 0.04789 0.00057 -0.00872 0.99881
1731115877.67528 0.05530 0.08125 -0.03921 0.04780 0.00106 -0.01046 0.99880
1731115877.77309 0.05606 0.07554 -0.04120 0.04984 0.00084 -0.01295 0.99867
1731115877.87373 0.05660 0.06470 -0.04036 0.05016 0.00001 -0.01491 0.99863
1731115877.97463 0.05474 0.05926 -0.03860 0.05044 -0.00114 -0.01650 0.99859
1731115878.06296 0.05827 0.05839 -0.03956 0.05042 -0.00226 -0.01771 0.99857
1731115878.14976 0.06308 0.05934 -0.04399 0.05171 -0.00355 -0.01879 0.99848
1731115878.24557 0.06620 0.06100 -0.04460 0.05277 -0.00498 -0.01946 0.99840
1731115878.34464 0.06978 0.06300 -0.04293 0.05344 -0.00614 -0.01961 0.99836
1731115878.44376 0.07173 0.06577 -0.04148 0.05374 -0.00694 -0.01955 0.99834
1731115878.54303 0.07340 0.06764 -0.04053 0.05370 -0.00761 -0.01954 0.99834
1731115878.64252 0.07421 0.06942 -0.03946 0.05351 -0.00782 -0.01937 0.99835
1731115878.74206 0.07581 0.07215 -0.03647 0.05270 -0.00816 -0.01922 0.99839
1731115878.84168 0.07876 0.07295 -0.03547 0.05241 -0.00871 -0.01883 0.99841
1731115878.94149 0.08133 0.07379 -0.03420 0.05213 -0.00901 -0.01884 0.99842
1731115879.04137 0.08105 0.07435 -0.03305 0.05183 -0.00922 -0.01867 0.99844
1731115879.14138 0.07865 0.07473 -0.03357 0.05175 -0.00927 -0.01864 0.99844
1731115879.24129 0.07615 0.07745 -0.03414 0.05184 -0.00929 -0.01870 0.99844
1731115879.34103 0.07476 0.07727 -0.03413 0.05170 -0.00935 -0.01857 0.99845
1731115879.44084 0.07272 0.07923 -0.03257 0.05066 -0.00961 -0.01829 0.99850
1731115879.54084 0.07203 0.08006 -0.03057 0.05021 -0.00959 -0.01795 0.99853
1731115879.64089 0.07145 0.08081 -0.02873 0.04952 -0.00941 -0.01780 0.99857
1731115879.74084 0.07021 0.08043 -0.02778 0.04860 -0.00936 -0.01768 0.99862
1731115879.84083 0.06907 0.07980 -0.02747 0.04827 -0.00939 -0.01760 0.99864
1731115879.94086 0.06756 0.07988 -0.02750 0.04835 -0.00915 -0.01752 0.99863
1731115880.04080 0.06591 0.07967 -0.02799 0.04787 -0.00920 -0.01745 0.99866
1731115880.14079 0.06409 0.07952 -0.02779 0.04719 -0.00908 -0.01733 0.99869
1731115880.24080 0.06183 0.08007 -0.02829 0.04702 -0.00910 -0.01726 0.99870
1731115880.34086 0.06092 0.07949 -0.02840 0.04731 -0.00912 -0.01735 0.99869
1731115880.44081 0.05993 0.07861 -0.02887 0.04687 -0.00929 -0.01750 0.99870
1731115880.54081 0.05949 0.07727 -0.02934 0.04670 -0.00965 -0.01762 0.99871
1731115880.64077 0.05929 0.07654 -0.02896 0.04588 -0.00924 -0.01747 0.99875
1731115880.74078 0.06019 0.07593 -0.02837 0.04580 -0.00987 -0.01756 0.99875
1731115880.84078 0.06107 0.07443 -0.02778 0.04506 -0.00962 -0.01746 0.99879
1731115880.94079 0.06072 0.07282 -0.02732 0.04437 -0.00943 -0.01720 0.99882
1731115881.04082 0.06054 0.07261 -0.02722 0.04347 -0.00998 -0.01719 0.99886
1731115881.14080 0.06039 0.07157 -0.02687 0.04356 -0.00979 -0.01710 0.99886
1731115881.24075 0.06043 0.07117 -0.02640 0.04254 -0.01062 -0.01711 0.99889
1731115881.34069 0.06050 0.07099 -0.02615 0.04166 -0.01015 -0.01716 0.99893
1731115881.44072 0.06105 0.07004 -0.02546 0.04211 -0.00965 -0.01702 0.99892
1731115881.54070 0.06055 0.07003 -0.02489 0.04046 -0.01015 -0.01697 0.99899
1731115881.64072 0.06115 0.06966 -0.02436 0.04140 -0.00887 -0.01661 0.99897
1731115881.74076 0.06097 0.06924 -0.02364 0.03827 -0.00752 -0.01674 0.99910
1731115881.84077 0.06039 0.06800 -0.02309 0.03863 -0.00644 -0.01703 0.99909
1731115881.94081 0.05919 0.06748 -0.02245 0.03868 -0.00604 -0.01800 0.99907
1731115882.04085 0.05989 0.06630 -0.02174 0.03821 -0.00812 -0.01980 0.99904
1731115882.14081 0.05916 0.06630 -0.02075 0.03868 -0.01114 -0.01971 0.99900
1731115882.24086 0.05903 0.06596 -0.01404 0.04022 -0.00097 -0.02158 0.99896
1731115882.34105 0.05780 0.06769 -0.00011 0.03225 0.00988 -0.02571 0.99910
1731115882.44145 0.05934 0.07256 0.01684 0.02573 0.01699 -0.03189 0.99902
1731115882.54189 0.05985 0.08230 0.03279 0.02187 0.01794 -0.04645 0.99852
1731115882.64209 0.06221 0.09955 0.04912 0.02192 0.01361 -0.07205 0.99707
1731115882.74205 0.06909 0.12529 0.06757 0.02215 0.01174 -0.10537 0.99412
1731115882.84180 0.07717 0.15670 0.08853 0.02019 0.01630 -0.14768 0.98869
1731115882.94170 0.09956 0.19832 0.11441 0.01357 0.02069 -0.16742 0.98558
1731115883.04189 0.12677 0.24258 0.13739 0.00813 0.02534 -0.20037 0.97936
1731115883.14191 0.16726 0.28333 0.16065 -0.00032 0.02442 -0.22992 0.97290
1731115883.24183 0.21134 0.32093 0.17599 -0.00861 0.01405 -0.25328 0.96725
1731115883.34142 0.25245 0.34903 0.18349 0.00949 0.00624 -0.27617 0.96104
1731115883.44109 0.28577 0.36879 0.18995 0.02835 0.00597 -0.29587 0.95479
1731115883.54118 0.31039 0.37718 0.19784 0.03004 0.00862 -0.30490 0.95187
1731115883.64135 0.32423 0.37973 0.20379 0.02288 0.01311 -0.30576 0.95174
1731115883.74153 0.32869 0.37864 0.20701 0.02011 0.00671 -0.30281 0.95281
1731115883.84147 0.32654 0.37359 0.20642 0.01708 -0.00246 -0.29926 0.95401
1731115883.94129 0.32183 0.36697 0.20227 0.01249 -0.00817 -0.29326 0.95592
1731115884.04099 0.31731 0.35971 0.19691 0.01227 -0.01178 -0.28827 0.95740
1731115884.14079 0.31179 0.35331 0.19175 0.01545 -0.01655 -0.28707 0.95764
1731115884.24067 0.30776 0.34942 0.18852 0.01535 -0.02245 -0.28619 0.95779
1731115884.34052 0.30518 0.34694 0.18691 0.01663 -0.02679 -0.28866 0.95691
1731115884.44043 0.30217 0.34612 0.18603 0.01239 -0.02905 -0.29059 0.95633
1731115884.54038 0.30038 0.34628 0.18455 0.00428 -0.03192 -0.29296 0.95558
1731115884.64029 0.29998 0.34857 0.18227 0.00018 -0.03988 -0.29613 0.95431
1731115884.74007 0.29977 0.35028 0.18009 -0.00235 -0.04388 -0.29991 0.95295
1731115884.83991 0.30109 0.35160 0.17978 -0.00300 -0.04260 -0.30197 0.95236
1731115884.93991 0.30348 0.35253 0.18172 -0.00034 -0.04049 -0.30313 0.95209
1731115885.04003 0.30613 0.35372 0.18593 0.00259 -0.03690 -0.30460 0.95176
1731115885.14026 0.30863 0.35436 0.19256 0.00493 -0.03121 -0.30581 0.95157
1731115885.24055 0.30986 0.35655 0.20066 0.00869 -0.02252 -0.30934 0.95065
1731115885.34114 0.31074 0.36158 0.21587 0.01568 -0.00907 -0.31756 0.94807
1731115885.44220 0.31041 0.36807 0.24903 0.02484 0.01465 -0.32484 0.94533
1731115885.54326 0.31464 0.37122 0.30221 0.02145 0.03801 -0.31379 0.94849
1731115885.64468 0.32350 0.37414 0.36493 0.03800 0.05166 -0.31682 0.94631
1731115885.74608 0.33644 0.37350 0.43597 0.04883 0.06397 -0.31316 0.94629
1731115885.84741 0.35312 0.37489 0.50718 0.05260 0.06518 -0.31161 0.94651
1731115885.94837 0.37004 0.37789 0.58045 0.05271 0.06063 -0.32212 0.94328
1731115886.04874 0.38685 0.38252 0.65526 0.04315 0.06576 -0.33096 0.94036
1731115886.14872 0.40684 0.38498 0.71279 0.02983 0.06982 -0.33651 0.93861
1731115886.24847 0.43230 0.38983 0.74596 0.01948 0.06196 -0.35660 0.93200
1731115886.34905 0.46660 0.39936 0.76736 0.03809 0.06076 -0.40398 0.91195
1731115886.44913 0.50131 0.40281 0.79490 0.03541 0.06851 -0.41960 0.90443
1731115886.54912 0.53427 0.40460 0.84117 0.01262 0.07187 -0.42500 0.90225
1731115886.64946 0.56014 0.40933 0.89621 0.00023 0.06095 -0.43268 0.89949
1731115886.74968 0.58429 0.40964 0.95057 -0.00612 0.03066 -0.43799 0.89844
1731115886.84924 0.59888 0.40071 0.99797 -0.02270 0.01252 -0.42126 0.90657
1731115886.94868 0.59976 0.38645 1.03728 -0.03721 0.01788 -0.40458 0.91357
1731115887.04895 0.59319 0.37172 1.06481 -0.03882 0.02855 -0.39203 0.91869
1731115887.15165 0.58209 0.35479 1.08445 -0.03437 0.03997 -0.38497 0.92142
1731115887.25404 0.57349 0.33378 1.09935 -0.03715 0.04547 -0.37056 0.92695
1731115887.35855 0.56008 0.30665 1.10440 -0.04683 0.04453 -0.35760 0.93164
1731115887.47155 0.53027 0.26635 1.10507 -0.05762 0.03693 -0.34888 0.93467
1731115887.57169 0.49968 0.23329 1.10257 -0.06357 0.02075 -0.32642 0.94286
1731115887.67140 0.46782 0.20378 1.10142 -0.05677 0.01385 -0.30751 0.94975
1731115887.77110 0.44273 0.17609 1.10696 -0.05102 0.01573 -0.27615 0.95963
1731115887.86971 0.41973 0.14035 1.10644 -0.04681 0.02033 -0.23460 0.97075
1731115887.97172 0.38770 0.09759 1.10119 -0.04305 0.02320 -0.19350 0.97988
1731115888.07185 0.35788 0.05867 1.10086 -0.04174 0.02596 -0.15163 0.98721
1731115888.17121 0.33625 0.02441 1.10150 -0.04064 0.02596 -0.11366 0.99235
1731115888.27112 0.32310 -0.00361 1.10334 -0.03662 0.02695 -0.07862 0.99587
1731115888.37130 0.31785 -0.02526 1.10752 -0.03150 0.02867 -0.05159 0.99776
1731115888.47134 0.32029 -0.04060 1.11037 -0.02476 0.03120 -0.03218 0.99869
1731115888.57292 0.32902 -0.04972 1.11147 -0.02199 0.03595 -0.02010 0.99891
1731115888.67382 0.33623 -0.05412 1.10987 -0.02258 0.03788 -0.01905 0.99885
1731115888.77488 0.34023 -0.04930 1.11067 -0.02615 0.04012 -0.02791 0.99846
1731115888.87556 0.33965 -0.03346 1.11197 -0.02992 0.04383 -0.05075 0.99730
1731115888.97475 0.33953 -0.00714 1.11573 -0.02768 0.04778 -0.08792 0.99460
1731115889.07453 0.33872 0.02442 1.11539 -0.02318 0.04890 -0.12711 0.99041
1731115889.17459 0.34090 0.05079 1.11435 -0.02328 0.05141 -0.16394 0.98485
1731115889.27452 0.34940 0.07295 1.11687 -0.02453 0.05296 -0.19457 0.97915
1731115889.37426 0.36250 0.09118 1.11709 -0.02664 0.05490 -0.21918 0.97377
1731115889.47359 0.37612 0.10426 1.11649 -0.02785 0.05748 -0.24067 0.96850
1731115889.57312 0.39323 0.11290 1.11516 -0.02749 0.06037 -0.25297 0.96520
1731115889.67175 0.41070 0.11808 1.11201 -0.02215 0.06295 -0.26314 0.96245
1731115889.77210 0.42789 0.12219 1.10727 -0.02238 0.06266 -0.26909 0.96081
1731115889.87274 0.44683 0.12873 1.10114 -0.02372 0.06321 -0.27703 0.95849
1731115889.97348 0.46568 0.14312 1.09164 -0.02486 0.05788 -0.28681 0.95591
1731115890.07441 0.48384 0.16745 1.07945 -0.02854 0.05023 -0.29977 0.95226
1731115890.17432 0.50501 0.20562 1.06799 -0.03438 0.04202 -0.30863 0.94963
1731115890.27423 0.52933 0.25681 1.06265 -0.03842 0.03508 -0.32097 0.94566
1731115890.37377 0.55740 0.31924 1.06374 -0.02748 0.03577 -0.33617 0.94072
1731115890.47369 0.58388 0.38951 1.07075 -0.00461 0.03640 -0.35701 0.93338
1731115890.57393 0.60664 0.46007 1.08205 0.00567 0.03217 -0.37239 0.92750
1731115890.67468 0.62260 0.52613 1.09462 0.00114 0.02368 -0.40358 0.91464
1731115890.77475 0.63115 0.59056 1.10447 -0.01767 0.02343 -0.42446 0.90497
1731115890.87444 0.63232 0.65399 1.10575 -0.03572 0.03319 -0.44613 0.89364
1731115890.97402 0.62397 0.72167 1.10494 -0.04592 0.04543 -0.47353 0.87840
1731115891.07345 0.60271 0.80066 1.10982 -0.03964 0.06022 -0.49879 0.86372
1731115891.17309 0.57165 0.88689 1.12450 -0.02391 0.07478 -0.52353 0.84838
1731115891.27302 0.53610 0.97571 1.14872 -0.01237 0.08791 -0.53386 0.84090
1731115891.37378 0.50048 1.05964 1.17633 -0.02600 0.09268 -0.54603 0.83222
1731115891.47405 0.46843 1.14285 1.19943 -0.04019 0.08667 -0.54233 0.83471
1731115891.57359 0.43977 1.22409 1.20912 -0.04464 0.07703 -0.55536 0.82683
1731115891.67286 0.40743 1.31394 1.20916 -0.04054 0.07900 -0.56151 0.82269
1731115891.77278 0.36940 1.41220 1.21303 -0.04314 0.08799 -0.55614 0.82529
1731115891.85351 0.33729 1.49722 1.22487 -0.04204 0.09476 -0.54314 0.83322
1731115891.95422 0.30438 1.59590 1.25432 -0.03800 0.09568 -0.54488 0.83217
1731115892.07384 0.27785 1.69836 1.29540 -0.05244 0.08140 -0.55598 0.82554
1731115892.15469 0.26361 1.76338 1.31064 -0.05432 0.06653 -0.55846 0.82507
1731115892.25393 0.24156 1.83811 1.31620 -0.05174 0.06692 -0.56821 0.81852
1731115892.35339 0.21800 1.91441 1.31457 -0.05327 0.06432 -0.57696 0.81249
1731115892.45284 0.19262 1.99512 1.31438 -0.05126 0.06563 -0.59458 0.79971
1731115892.55261 0.16621 2.08254 1.32407 -0.04411 0.07429 -0.61160 0.78643
1731115892.67228 0.14334 2.18712 1.35818 -0.04528 0.06802 -0.63040 0.77196
1731115892.77201 0.12842 2.26189 1.38650 -0.04822 0.06900 -0.63263 0.76986
1731115892.85306 0.11315 2.31998 1.39985 -0.04227 0.07155 -0.63745 0.76600
1731115892.95320 0.09018 2.39501 1.40344 -0.04010 0.08293 -0.63714 0.76523
1731115893.05342 0.06587 2.47943 1.39616 -0.04369 0.08678 -0.62668 0.77320
1731115893.15365 0.04445 2.56916 1.39053 -0.04781 0.09071 -0.61818 0.77932
1731115893.25376 0.02754 2.66266 1.39036 -0.04534 0.08648 -0.61032 0.78611
1731115893.35403 0.01624 2.74989 1.40515 -0.04229 0.06826 -0.60066 0.79546
1731115893.45397 0.00286 2.82869 1.43087 -0.04054 0.05955 -0.60372 0.79394
1731115893.55388 -0.01436 2.89642 1.44975 -0.04489 0.06306 -0.59052 0.80330
1731115893.65401 -0.03382 2.96226 1.45750 -0.03669 0.06717 -0.59499 0.80008
1731115893.75426 -0.06018 3.03085 1.46093 -0.03075 0.06639 -0.60085 0.79601
1731115893.85460 -0.09152 3.10199 1.46432 -0.02917 0.07102 -0.60691 0.79106
1731115893.95461 -0.12774 3.17795 1.47187 -0.02728 0.08026 -0.61376 0.78493
1731115894.05518 -0.16152 3.25762 1.49008 -0.02234 0.08758 -0.61855 0.78053
1731115894.15575 -0.19476 3.33532 1.50935 -0.03262 0.08932 -0.62540 0.77449
1731115894.25676 -0.22506 3.40768 1.51310 -0.04409 0.07206 -0.60519 0.79159
1731115894.35703 -0.25706 3.47648 1.51643 -0.05408 0.05924 -0.59990 0.79604
1731115894.45660 -0.28892 3.54755 1.50816 -0.05158 0.07496 -0.59208 0.80072
1731115894.55611 -0.31084 3.62407 1.49560 -0.03239 0.06900 -0.59226 0.80214
1731115894.65595 -0.32981 3.70916 1.48465 -0.01309 0.06194 -0.57547 0.81537
1731115894.75528 -0.36444 3.78873 1.48619 0.00082 0.06300 -0.55714 0.82803
1731115894.87064 -0.40561 3.88977 1.49254 0.01802 0.07005 -0.52797 0.84618
1731115894.97166 -0.45395 3.96877 1.50472 0.00454 0.07560 -0.50380 0.86050
1731115895.07206 -0.50773 4.04597 1.52104 -0.01295 0.07612 -0.47355 0.87737
1731115895.17178 -0.55921 4.12056 1.52347 -0.02585 0.08209 -0.45614 0.88574
1731115895.27218 -0.61211 4.19040 1.52265 -0.02018 0.08781 -0.44594 0.89051
1731115895.37122 -0.66752 4.25692 1.52422 -0.01462 0.08998 -0.43221 0.89716
1731115895.47218 -0.72335 4.32343 1.53968 -0.00427 0.08769 -0.40350 0.91076
1731115895.57165 -0.77509 4.38029 1.55268 -0.01548 0.08656 -0.38242 0.91979
1731115895.67176 -0.82405 4.42917 1.55786 -0.03169 0.06966 -0.34922 0.93391
1731115895.77411 -0.86301 4.48188 1.55210 -0.03847 0.06473 -0.32753 0.94183
1731115895.85114 -0.89053 4.52507 1.54425 -0.03846 0.06745 -0.30477 0.94926
1731115895.95491 -0.92745 4.58036 1.53741 -0.03663 0.06734 -0.26782 0.96041
1731115896.05745 -0.96195 4.63835 1.53794 -0.02022 0.07333 -0.22616 0.97112
1731115896.16002 -0.99415 4.69686 1.54517 -0.00253 0.06456 -0.20607 0.97640
1731115896.26499 -1.02493 4.75708 1.55450 -0.01179 0.05738 -0.19841 0.97837
1731115896.37062 -1.05483 4.81878 1.56772 -0.01885 0.05600 -0.20113 0.97778
1731115896.47042 -1.08645 4.87705 1.57667 -0.02008 0.05761 -0.21455 0.97481
1731115896.56971 -1.11767 4.94061 1.58187 -0.02247 0.05863 -0.23027 0.97110
1731115896.66913 -1.14745 5.01161 1.58199 -0.01978 0.04779 -0.25003 0.96686
1731115896.76772 -1.17597 5.08664 1.58524 -0.00879 0.05147 -0.27640 0.95962
1731115896.87188 -1.20000 5.16798 1.60315 -0.00888 0.04573 -0.30408 0.95151
1731115896.97204 -1.21733 5.24403 1.62645 -0.01944 0.04669 -0.32692 0.94370
1731115897.07199 -1.23459 5.32229 1.64415 -0.02275 0.04220 -0.35513 0.93359
1731115897.17331 -1.25895 5.40616 1.64524 -0.01706 0.03653 -0.38670 0.92132
1731115897.27169 -1.29174 5.49527 1.63558 -0.01777 0.03851 -0.39862 0.91613
1731115897.37082 -1.33335 5.59385 1.62394 -0.01216 0.05247 -0.38625 0.92082
1731115897.47141 -1.37819 5.69943 1.61989 -0.00536 0.05094 -0.37514 0.92555
1731115897.55527 -1.41963 5.78126 1.62521 -0.00584 0.03312 -0.36180 0.93165
1731115897.65703 -1.47063 5.86915 1.64218 -0.01503 0.01748 -0.35493 0.93461
1731115897.75664 -1.51807 5.94239 1.65902 -0.02966 0.01714 -0.34687 0.93729
1731115897.85480 -1.56541 6.00612 1.66581 -0.03349 0.02365 -0.34885 0.93628
1731115897.95488 -1.61701 6.06630 1.66797 -0.03422 0.02673 -0.35588 0.93352
1731115898.05530 -1.66994 6.13177 1.66708 -0.02456 0.03258 -0.36285 0.93095
1731115898.15543 -1.72909 6.20084 1.66999 -0.00801 0.03986 -0.37825 0.92481
1731115898.25636 -1.79521 6.27441 1.68375 0.00325 0.03773 -0.38579 0.92181
1731115898.35727 -1.85529 6.34709 1.70219 0.00158 0.01876 -0.38168 0.92410
1731115898.45568 -1.90812 6.41415 1.71620 -0.00443 0.00688 -0.37885 0.92542
1731115898.55431 -1.96257 6.47924 1.72158 0.00233 0.01273 -0.39326 0.91934
1731115898.65403 -2.02755 6.54722 1.71803 0.00828 0.02025 -0.39162 0.91987
1731115898.75269 -2.10215 6.61736 1.70132 0.01216 0.02394 -0.37987 0.92465
1731115898.85095 -2.18378 6.68751 1.67402 0.02708 0.02897 -0.36321 0.93086
1731115898.94945 -2.26202 6.75163 1.64891 0.02761 0.02384 -0.34075 0.93945
1731115899.05061 -2.33667 6.80140 1.62226 0.01534 0.00404 -0.32473 0.94567
1731115899.15055 -2.41582 6.84194 1.57577 0.02377 -0.00245 -0.32891 0.94406
1731115899.24999 -2.49401 6.87232 1.50541 0.01893 -0.00768 -0.32604 0.94514
1731115899.34897 -2.56849 6.89873 1.41385 -0.00319 -0.03878 -0.31408 0.94860
1731115899.44695 -2.64705 6.92631 1.32279 -0.01561 -0.06440 -0.32486 0.94344
1731115899.54558 -2.73218 6.95268 1.24641 -0.03744 -0.05877 -0.32819 0.94204
1731115899.64447 -2.82342 6.97649 1.19224 -0.04835 -0.05761 -0.33988 0.93745
1731115899.74415 -2.90699 6.99430 1.16295 -0.06202 -0.05385 -0.34489 0.93504
1731115899.84478 -2.97915 7.00726 1.15962 -0.07791 -0.05010 -0.33882 0.93628
1731115899.94580 -3.04749 7.01664 1.17327 -0.07776 -0.05174 -0.33648 0.93705
1731115900.04709 -3.11612 7.01832 1.19454 -0.06988 -0.05335 -0.32466 0.94174
1731115900.14937 -3.19057 7.01777 1.22682 -0.05832 -0.04639 -0.31904 0.94481
1731115900.27137 -3.28505 7.01582 1.30021 -0.06540 -0.01275 -0.32179 0.94446
1731115900.37260 -3.35428 7.02167 1.37150 -0.04753 -0.00957 -0.30526 0.95103
1731115900.47388 -3.42086 7.02371 1.43901 -0.03880 -0.01588 -0.27331 0.96101
1731115900.57484 -3.49370 7.00946 1.49245 -0.04133 -0.01380 -0.25562 0.96580
1731115900.67377 -3.56216 6.99405 1.54713 -0.03852 -0.02879 -0.24674 0.96789
1731115900.77197 -3.63079 6.98338 1.59039 -0.04497 -0.03803 -0.22616 0.97231
1731115900.87185 -3.70353 6.97212 1.63315 -0.03388 -0.04153 -0.21604 0.97491
1731115900.97241 -3.77385 6.95387 1.68667 -0.01877 -0.02143 -0.20429 0.97849
1731115901.07211 -3.84058 6.93408 1.75509 -0.01412 -0.01763 -0.19061 0.98141
1731115901.17154 -3.90816 6.91619 1.81598 -0.01200 -0.03052 -0.18308 0.98255
1731115901.27300 -3.98138 6.90048 1.86247 -0.00515 -0.03282 -0.18075 0.98297
1731115901.37443 -4.06362 6.88719 1.89543 0.00468 -0.02370 -0.18059 0.98326
1731115901.47557 -4.15632 6.87605 1.92681 0.01884 0.00549 -0.18636 0.98229
1731115901.57631 -4.25430 6.87671 1.96615 0.03578 0.03912 -0.20209 0.97793
1731115901.67567 -4.34190 6.88250 2.00721 0.03446 0.05631 -0.21157 0.97513
1731115901.77390 -4.42887 6.88964 2.04158 0.03355 0.07235 -0.21073 0.97429
1731115901.87308 -4.52620 6.90468 2.05946 0.04072 0.07486 -0.23128 0.96915
1731115901.97356 -4.63457 6.92119 2.06243 0.03686 0.08254 -0.23568 0.96762
1731115902.07404 -4.75116 6.94153 2.05949 0.04844 0.10680 -0.26578 0.95687
1731115902.17408 -4.85945 6.96010 2.06572 0.03653 0.10420 -0.25952 0.95940
1731115902.27341 -4.95883 6.96492 2.08714 0.01431 0.11493 -0.21822 0.96900
1731115902.37401 -5.05980 6.96678 2.12514 0.01451 0.12072 -0.21626 0.96874
1731115902.47459 -5.16379 6.96601 2.15124 0.02192 0.12876 -0.22679 0.96515
1731115902.57514 -5.26614 6.95760 2.15680 0.01055 0.13003 -0.22500 0.96559
1731115902.67439 -5.36452 6.95598 2.15458 -0.00306 0.12669 -0.23169 0.96450
1731115902.77510 -5.45216 6.96609 2.16923 -0.00418 0.10333 -0.22224 0.96949
1731115902.87493 -5.53388 6.98522 2.18901 -0.00982 0.08880 -0.22933 0.96924
1731115902.97388 -5.61045 7.01434 2.19807 -0.01594 0.08038 -0.23653 0.96816
1731115903.07281 -5.68746 7.05172 2.19433 -0.01762 0.08375 -0.24565 0.96557
1731115903.17244 -5.77158 7.09887 2.18652 -0.02059 0.08954 -0.25414 0.96279
1731115903.27234 -5.85180 7.15582 2.17653 -0.01609 0.08910 -0.24797 0.96453
1731115903.37261 -5.93470 7.21937 2.18239 -0.00258 0.06892 -0.24761 0.96640
1731115903.47239 -6.00190 7.27930 2.19634 0.01632 0.05607 -0.24739 0.96715
1731115903.57206 -6.07582 7.33011 2.22012 0.00602 0.04058 -0.24105 0.96965
1731115903.65200 -6.13496 7.37044 2.22815 0.00798 0.03500 -0.25123 0.96726
1731115903.77217 -6.22136 7.43552 2.22695 0.01569 0.02130 -0.27755 0.96035
1731115903.87201 -6.29890 7.49375 2.21793 0.02056 0.01310 -0.29676 0.95464
1731115903.97144 -6.38412 7.55542 2.21045 0.02637 0.01973 -0.31337 0.94906
1731115904.04894 -6.44932 7.60329 2.21287 0.03423 0.02118 -0.31142 0.94942
1731115904.17134 -6.54963 7.67568 2.23726 0.05684 0.01915 -0.31357 0.94767
1731115904.27167 -6.63421 7.72470 2.26687 0.03760 0.01921 -0.29758 0.95376
1731115904.34767 -6.70579 7.75794 2.28675 0.03021 0.02411 -0.29120 0.95588
1731115904.44720 -6.80383 7.80308 2.30722 0.02651 0.03010 -0.27990 0.95919
1731115904.54685 -6.91234 7.84865 2.32264 0.01872 0.03939 -0.25318 0.96643
1731115904.64662 -7.02081 7.89751 2.33760 0.02497 0.05207 -0.23073 0.97130
1731115904.74645 -7.12254 7.94283 2.37113 0.04105 0.04887 -0.20807 0.97603
1731115904.84655 -7.21252 7.96872 2.42098 0.03547 0.04032 -0.18374 0.98151
1731115904.97094 -7.31236 7.97933 2.48160 0.01336 0.03633 -0.15644 0.98693
1731115905.07170 -7.38417 7.97998 2.52350 0.00286 0.03153 -0.14273 0.98926
1731115905.17193 -7.44518 7.98112 2.55700 -0.00751 0.04127 -0.13539 0.98990
1731115905.27166 -7.49739 7.98107 2.58471 -0.00495 0.05054 -0.13252 0.98988
1731115905.37245 -7.54534 7.98073 2.61163 0.00933 0.06147 -0.13711 0.98860
1731115905.47295 -7.59213 7.97287 2.64213 0.00616 0.06694 -0.11323 0.99129
1731115905.57441 -7.64020 7.96479 2.67732 0.00851 0.07799 -0.09716 0.99217
1731115905.67486 -7.67644 7.95427 2.69793 0.00831 0.09268 -0.07824 0.99258
1731115905.77466 -7.70591 7.94117 2.72082 0.01150 0.09711 -0.05898 0.99346
1731115905.87354 -7.73542 7.92979 2.73305 0.01604 0.08612 -0.05577 0.99459
1731115905.97259 -7.76891 7.91637 2.73353 0.01485 0.06822 -0.04086 0.99672
1731115906.07214 -7.80009 7.90025 2.72747 0.01316 0.05930 -0.02144 0.99792
1731115906.17415 -7.82596 7.88332 2.72640 0.01120 0.06365 0.01106 0.99785
1731115906.27515 -7.84175 7.86566 2.73194 0.00137 0.05790 0.01590 0.99819
1731115906.37569 -7.84133 7.86053 2.73847 -0.00193 0.05326 0.00732 0.99855
1731115906.47606 -7.83265 7.86817 2.74578 -0.00850 0.06399 0.00595 0.99790
1731115906.54638 -7.82537 7.87976 2.75339 -0.01282 0.06804 -0.00203 0.99760
1731115906.64450 -7.81381 7.89228 2.76138 -0.01162 0.07832 -0.01661 0.99672
1731115906.74309 -7.80458 7.90629 2.76831 -0.00553 0.09027 -0.02352 0.99562
1731115906.84224 -7.79958 7.91714 2.77452 -0.00195 0.10061 -0.03112 0.99444
1731115906.94164 -7.79978 7.92756 2.77871 0.00008 0.10254 -0.03056 0.99426
1731115907.04121 -7.80384 7.93947 2.77917 0.00040 0.10253 -0.03490 0.99412
1731115907.14088 -7.80950 7.95044 2.77871 -0.00306 0.10183 -0.03302 0.99425
1731115907.24055 -7.81322 7.95825 2.78000 -0.00742 0.09996 -0.03159 0.99446
1731115907.33990 -7.81571 7.96390 2.78098 -0.00797 0.09932 -0.03043 0.99456
1731115907.43939 -7.81960 7.96851 2.78097 -0.00506 0.09659 -0.02905 0.99489
1731115907.53875 -7.82365 7.97352 2.78182 -0.00363 0.09288 -0.02900 0.99525
1731115907.63806 -7.82473 7.97849 2.78300 -0.00716 0.09062 -0.02515 0.99554
1731115907.73792 -7.82333 7.98206 2.78507 -0.01104 0.09053 -0.01945 0.99564
1731115907.83793 -7.81881 7.98393 2.78551 -0.01225 0.09278 -0.01388 0.99551
1731115907.93809 -7.81538 7.98443 2.78618 -0.01378 0.09521 -0.00835 0.99533
1731115908.03825 -7.81113 7.98674 2.78557 -0.01337 0.09543 -0.00562 0.99533
1731115908.13833 -7.80771 7.99368 2.78615 -0.01311 0.09641 -0.00575 0.99524
1731115908.23833 -7.80411 8.00342 2.78643 -0.01681 0.09769 -0.00392 0.99507
1731115908.33835 -7.80143 8.01494 2.78613 -0.01909 0.09684 -0.00310 0.99511
1731115908.43819 -7.79795 8.02570 2.78233 -0.01966 0.09358 -0.00460 0.99541
1731115908.53814 -7.79203 8.03929 2.77934 -0.02096 0.09048 -0.01204 0.99561
1731115908.63786 -7.78229 8.05485 2.77605 -0.01841 0.09139 -0.00641 0.99562
1731115908.73775 -7.77060 8.06841 2.77576 -0.01683 0.09483 -0.00064 0.99535
1731115908.83818 -7.75474 8.08188 2.77509 -0.01549 0.09790 -0.00752 0.99505
1731115908.93830 -7.73746 8.09794 2.77285 -0.01800 0.09457 -0.01432 0.99525
1731115909.03837 -7.71989 8.11750 2.76615 -0.01385 0.09569 -0.02617 0.99497
1731115909.13832 -7.70079 8.14347 2.75596 -0.00332 0.08959 -0.03883 0.99522
1731115909.23806 -7.68273 8.17305 2.74756 -0.00039 0.08299 -0.04870 0.99536
1731115909.33757 -7.66218 8.20635 2.73931 0.00472 0.08485 -0.06582 0.99421
1731115909.43713 -7.64060 8.24205 2.72760 0.00648 0.09208 -0.07842 0.99264
1731115909.53678 -7.62314 8.27916 2.71641 -0.00272 0.09864 -0.07065 0.99261
1731115909.63665 -7.61006 8.31884 2.70711 -0.00946 0.09666 -0.06128 0.99338
1731115909.73659 -7.59965 8.35875 2.69181 -0.00456 0.09147 -0.05227 0.99442
1731115909.83641 -7.59109 8.39500 2.67948 -0.01048 0.07838 -0.03468 0.99626
1731115909.93622 -7.58583 8.42610 2.66808 -0.00468 0.06206 -0.03507 0.99745
1731115910.03600 -7.57854 8.45287 2.66707 -0.00247 0.04801 -0.03114 0.99836
1731115910.13575 -7.56712 8.46867 2.66790 -0.00744 0.04431 -0.03723 0.99830
1731115910.23548 -7.54971 8.47730 2.66629 -0.00977 0.05168 -0.04917 0.99740
1731115910.33536 -7.53228 8.48152 2.66691 -0.01263 0.04950 -0.05141 0.99737
1731115910.43510 -7.52164 8.47411 2.66408 -0.01119 0.05278 -0.06823 0.99621
1731115910.53514 -7.51246 8.45802 2.65780 -0.00956 0.05068 -0.07041 0.99618
1731115910.63547 -7.50630 8.43505 2.65503 -0.01341 0.04815 -0.06847 0.99640
1731115910.73608 -7.50113 8.40559 2.65295 -0.01875 0.05364 -0.06138 0.99650
1731115910.83658 -7.50075 8.37457 2.65507 -0.01246 0.06131 -0.05197 0.99669
1731115910.93723 -7.50397 8.33903 2.66250 -0.01051 0.06412 -0.02220 0.99764
1731115911.04365 -7.51061 8.29572 2.66874 -0.00963 0.07438 0.00879 0.99714
1731115911.14476 -7.52010 8.24864 2.67417 -0.00115 0.08285 0.03389 0.99599
1731115911.24560 -7.52648 8.19501 2.67584 -0.00015 0.07468 0.10355 0.99182
1731115911.37246 -7.53142 8.12201 2.67307 0.00397 0.07115 0.17904 0.98126
1731115911.47314 -7.52520 8.06365 2.66693 0.00341 0.06412 0.24346 0.96778
1731115911.57378 -7.50883 8.01207 2.65471 0.00936 0.05256 0.30093 0.95215
1731115911.67361 -7.48381 7.96494 2.64036 0.01525 0.04280 0.35044 0.93548
1731115911.77290 -7.45164 7.92199 2.62413 0.02395 0.02952 0.39467 0.91804
1731115911.87268 -7.42544 7.88844 2.61228 0.03293 0.02227 0.42780 0.90300
1731115911.97161 -7.39589 7.86130 2.59423 0.04016 0.01726 0.45585 0.88898
1731115912.07005 -7.36611 7.83792 2.57861 0.04978 0.01065 0.48237 0.87448
1731115912.16796 -7.33943 7.81373 2.56486 0.05583 0.00712 0.50396 0.86189
1731115912.26224 -7.31553 7.78695 2.54965 0.06052 0.00403 0.51880 0.85274
1731115912.35728 -7.29335 7.75408 2.53503 0.05987 -0.00042 0.53357 0.84363
1731115912.45505 -7.27067 7.71458 2.51984 0.05792 -0.00329 0.54136 0.83879
1731115912.55853 -7.24748 7.66710 2.50295 0.05084 -0.00753 0.54589 0.83628
1731115912.65941 -7.22837 7.61926 2.49440 0.04667 -0.01295 0.55396 0.83113
1731115912.76004 -7.21436 7.56376 2.48819 0.04412 -0.01521 0.55913 0.82776
1731115912.86456 -7.20207 7.50582 2.48840 0.04008 -0.01991 0.56862 0.82138
1731115912.96879 -7.18247 7.45314 2.48884 0.04051 -0.01795 0.58318 0.81113
1731115913.07218 -7.16239 7.39216 2.48601 0.04053 -0.01077 0.59392 0.80343
1731115913.17201 -7.14102 7.32839 2.48302 0.04243 -0.00835 0.61623 0.78638
1731115913.27275 -7.11246 7.25808 2.47918 0.03334 -0.00512 0.64155 0.76634
1731115913.37312 -7.07522 7.18425 2.46789 0.02336 0.00192 0.67380 0.73854
1731115913.47369 -7.03503 7.11468 2.46284 0.02689 0.00229 0.70409 0.70960
1731115913.57450 -6.99557 7.05483 2.45700 0.03190 0.01096 0.73218 0.68027
1731115913.67578 -6.95245 7.00499 2.45845 0.04296 0.00482 0.75277 0.65686
1731115913.77514 -6.91091 6.96979 2.46219 0.04466 -0.00248 0.77558 0.62966
1731115914.01200 -6.80795 6.90176 2.46981 0.05760 -0.00739 0.81732 0.57325
1731115914.15447 -6.71709 6.86232 2.45100 0.06160 -0.00394 0.83414 0.54809
1731115914.25694 -6.64355 6.84971 2.42025 0.06475 -0.00101 0.84498 0.53087
1731115914.37022 -6.55216 6.83734 2.37605 0.06345 -0.00450 0.85903 0.50796
1731115914.47145 -6.46119 6.82258 2.33943 0.06708 -0.00998 0.87693 0.47580
1731115914.57239 -6.37372 6.80380 2.31583 0.07618 -0.03168 0.89931 0.42947
1731115914.67274 -6.30057 6.78421 2.28600 0.07056 -0.02664 0.91607 0.39387
1731115914.77174 -6.24734 6.77516 2.24383 0.04800 -0.03021 0.93242 0.35690
1731115914.87347 -6.20742 6.75941 2.20123 0.06378 -0.03155 0.96093 0.26751
1731115914.97293 -6.16367 6.73964 2.17032 0.09574 -0.00497 0.97425 0.20409
1731115915.07135 -6.11242 6.73047 2.17176 0.08726 -0.01095 0.97793 0.18950
1731115915.17222 -6.04930 6.72768 2.19334 0.07661 -0.02227 0.98239 0.16896
1731115915.26767 -5.98129 6.72650 2.21545 0.07173 -0.03269 0.98509 0.15292
1731115915.37023 -5.90607 6.73487 2.21560 0.07618 -0.04089 0.98829 0.12569
1731115915.47099 -5.82360 6.75075 2.18957 0.07180 -0.03907 0.98967 0.11781
1731115915.57226 -5.73310 6.76207 2.16370 0.06209 -0.04827 0.99135 0.10507
1731115915.67392 -5.63384 6.76633 2.15480 0.06660 -0.05215 0.99249 0.08840
1731115915.77414 -5.53791 6.76443 2.15839 0.08303 -0.07712 0.99139 0.06559
1731115915.87487 -5.44392 6.75126 2.15675 0.08858 -0.08984 0.99066 0.05179
1731115915.97577 -5.35044 6.73157 2.14269 0.07172 -0.09022 0.99046 0.07560
